{
 "cells": [
  {
   "cell_type": "markdown",
   "metadata": {},
   "source": [
    "## Tối ưu hóa danh mục đầu tư  - Sử dụng thuật toán di truyền"
   ]
  },
  {
   "cell_type": "markdown",
   "metadata": {},
   "source": [
    "Người thực hiện: Cao Đức Anh"
   ]
  },
  {
   "cell_type": "markdown",
   "metadata": {},
   "source": [
    "#### Nhập các gói cần thiết:"
   ]
  },
  {
   "cell_type": "code",
   "execution_count": 1,
   "metadata": {},
   "outputs": [],
   "source": [
    "import numpy as np\n",
    "import pandas as pd\n",
    "from functools import reduce"
   ]
  },
  {
   "cell_type": "markdown",
   "metadata": {},
   "source": [
    "### 1:\n",
    "#### Đọc dữ liệu và kết hợp chúng thành một khung dữ liệu."
   ]
  },
  {
   "cell_type": "code",
   "execution_count": 2,
   "metadata": {
    "scrolled": true
   },
   "outputs": [
    {
     "name": "stdout",
     "output_type": "stream",
     "text": [
      "(37, 7)\n"
     ]
    },
    {
     "data": {
      "text/html": [
       "<div>\n",
       "<style scoped>\n",
       "    .dataframe tbody tr th:only-of-type {\n",
       "        vertical-align: middle;\n",
       "    }\n",
       "\n",
       "    .dataframe tbody tr th {\n",
       "        vertical-align: top;\n",
       "    }\n",
       "\n",
       "    .dataframe thead th {\n",
       "        text-align: right;\n",
       "    }\n",
       "</style>\n",
       "<table border=\"1\" class=\"dataframe\">\n",
       "  <thead>\n",
       "    <tr style=\"text-align: right;\">\n",
       "      <th></th>\n",
       "      <th>Date</th>\n",
       "      <th>hdfc</th>\n",
       "      <th>itc</th>\n",
       "      <th>l&amp;t</th>\n",
       "      <th>m&amp;m</th>\n",
       "      <th>sunpha</th>\n",
       "      <th>tcs</th>\n",
       "    </tr>\n",
       "  </thead>\n",
       "  <tbody>\n",
       "    <tr>\n",
       "      <th>0</th>\n",
       "      <td>June 2018</td>\n",
       "      <td>2108.05</td>\n",
       "      <td>266.05</td>\n",
       "      <td>1271.3</td>\n",
       "      <td>896.80</td>\n",
       "      <td>560.55</td>\n",
       "      <td>1847.20</td>\n",
       "    </tr>\n",
       "    <tr>\n",
       "      <th>1</th>\n",
       "      <td>May 2018</td>\n",
       "      <td>2136.15</td>\n",
       "      <td>271.60</td>\n",
       "      <td>1367.6</td>\n",
       "      <td>923.50</td>\n",
       "      <td>480.15</td>\n",
       "      <td>1744.80</td>\n",
       "    </tr>\n",
       "    <tr>\n",
       "      <th>2</th>\n",
       "      <td>Apr 2018</td>\n",
       "      <td>1944.60</td>\n",
       "      <td>281.45</td>\n",
       "      <td>1400.6</td>\n",
       "      <td>872.65</td>\n",
       "      <td>528.15</td>\n",
       "      <td>1765.70</td>\n",
       "    </tr>\n",
       "    <tr>\n",
       "      <th>3</th>\n",
       "      <td>Mar 2018</td>\n",
       "      <td>1891.45</td>\n",
       "      <td>255.90</td>\n",
       "      <td>1311.9</td>\n",
       "      <td>740.20</td>\n",
       "      <td>495.40</td>\n",
       "      <td>1424.65</td>\n",
       "    </tr>\n",
       "    <tr>\n",
       "      <th>4</th>\n",
       "      <td>Feb 2018</td>\n",
       "      <td>1883.80</td>\n",
       "      <td>265.10</td>\n",
       "      <td>1319.1</td>\n",
       "      <td>728.75</td>\n",
       "      <td>535.35</td>\n",
       "      <td>1519.13</td>\n",
       "    </tr>\n",
       "  </tbody>\n",
       "</table>\n",
       "</div>"
      ],
      "text/plain": [
       "        Date     hdfc     itc     l&t     m&m  sunpha      tcs\n",
       "0  June 2018  2108.05  266.05  1271.3  896.80  560.55  1847.20\n",
       "1   May 2018  2136.15  271.60  1367.6  923.50  480.15  1744.80\n",
       "2   Apr 2018  1944.60  281.45  1400.6  872.65  528.15  1765.70\n",
       "3   Mar 2018  1891.45  255.90  1311.9  740.20  495.40  1424.65\n",
       "4   Feb 2018  1883.80  265.10  1319.1  728.75  535.35  1519.13"
      ]
     },
     "execution_count": 2,
     "metadata": {},
     "output_type": "execute_result"
    }
   ],
   "source": [
    "files=['hdfc.csv','itc.csv','l&t.csv','m&m.csv','sunpha.csv','tcs.csv']\n",
    "dfs=[]\n",
    "\n",
    "for file in files:\n",
    "    temp=pd.read_csv(file)\n",
    "    temp.columns=['Date',file.replace('.csv','')]\n",
    "    dfs.append(temp)\n",
    "\n",
    "stocks = reduce(lambda left,right: pd.merge(left,right,on='Date'), dfs)\n",
    "print(stocks.shape)\n",
    "stocks.head()"
   ]
  },
  {
   "cell_type": "markdown",
   "metadata": {},
   "source": [
    "### 2:\n",
    "#### Tính lợi nhuận lịch sử trong 3 tháng, 6 tháng, 12 tháng, 24 tháng và 36 tháng cho mỗi cổ phiếu.\n",
    "\n",
    "Công thức sử dụng đơn giản là sự tăng giá chia cho giá gốc của cổ phiếu.\n"
   ]
  },
  {
   "cell_type": "code",
   "execution_count": 3,
   "metadata": {},
   "outputs": [],
   "source": [
    "def hist_return(months):\n",
    "    ''' Đầu vào: Các tháng dạng danh sách.\n",
    "        Đầu ra: Lịch sử lợi nhuận dưới dạng DataFrame. '''\n",
    "    idx=[]\n",
    "    df=pd.DataFrame()\n",
    "    for mon in months:\n",
    "        temp=(stocks.iloc[0,1:] - stocks.iloc[mon,1:])/(stocks.iloc[mon,1:])\n",
    "        idx.append(str(mon)+'_mon_return')\n",
    "        df=pd.concat([df, temp.to_frame().T], ignore_index=True)\n",
    "    df.index=idx\n",
    "    return df    "
   ]
  },
  {
   "cell_type": "code",
   "execution_count": 4,
   "metadata": {},
   "outputs": [
    {
     "data": {
      "text/html": [
       "<div>\n",
       "<style scoped>\n",
       "    .dataframe tbody tr th:only-of-type {\n",
       "        vertical-align: middle;\n",
       "    }\n",
       "\n",
       "    .dataframe tbody tr th {\n",
       "        vertical-align: top;\n",
       "    }\n",
       "\n",
       "    .dataframe thead th {\n",
       "        text-align: right;\n",
       "    }\n",
       "</style>\n",
       "<table border=\"1\" class=\"dataframe\">\n",
       "  <thead>\n",
       "    <tr style=\"text-align: right;\">\n",
       "      <th></th>\n",
       "      <th>hdfc</th>\n",
       "      <th>itc</th>\n",
       "      <th>l&amp;t</th>\n",
       "      <th>m&amp;m</th>\n",
       "      <th>sunpha</th>\n",
       "      <th>tcs</th>\n",
       "    </tr>\n",
       "  </thead>\n",
       "  <tbody>\n",
       "    <tr>\n",
       "      <th>3_mon_return</th>\n",
       "      <td>0.114515</td>\n",
       "      <td>0.039664</td>\n",
       "      <td>-0.030947</td>\n",
       "      <td>0.211564</td>\n",
       "      <td>0.13151</td>\n",
       "      <td>0.296599</td>\n",
       "    </tr>\n",
       "    <tr>\n",
       "      <th>6_mon_return</th>\n",
       "      <td>0.125163</td>\n",
       "      <td>0.011212</td>\n",
       "      <td>0.011417</td>\n",
       "      <td>0.194062</td>\n",
       "      <td>-0.017957</td>\n",
       "      <td>0.368094</td>\n",
       "    </tr>\n",
       "    <tr>\n",
       "      <th>12_mon_return</th>\n",
       "      <td>0.275866</td>\n",
       "      <td>-0.178478</td>\n",
       "      <td>0.129783</td>\n",
       "      <td>0.330899</td>\n",
       "      <td>0.010911</td>\n",
       "      <td>0.562537</td>\n",
       "    </tr>\n",
       "    <tr>\n",
       "      <th>24_mon_return</th>\n",
       "      <td>0.792712</td>\n",
       "      <td>0.084237</td>\n",
       "      <td>0.274461</td>\n",
       "      <td>0.255179</td>\n",
       "      <td>-0.265911</td>\n",
       "      <td>0.44833</td>\n",
       "    </tr>\n",
       "    <tr>\n",
       "      <th>36_mon_return</th>\n",
       "      <td>0.974847</td>\n",
       "      <td>0.266844</td>\n",
       "      <td>0.069614</td>\n",
       "      <td>0.399938</td>\n",
       "      <td>-0.358785</td>\n",
       "      <td>0.447535</td>\n",
       "    </tr>\n",
       "  </tbody>\n",
       "</table>\n",
       "</div>"
      ],
      "text/plain": [
       "                   hdfc       itc       l&t       m&m    sunpha       tcs\n",
       "3_mon_return   0.114515  0.039664 -0.030947  0.211564   0.13151  0.296599\n",
       "6_mon_return   0.125163  0.011212  0.011417  0.194062 -0.017957  0.368094\n",
       "12_mon_return  0.275866 -0.178478  0.129783  0.330899  0.010911  0.562537\n",
       "24_mon_return  0.792712  0.084237  0.274461  0.255179 -0.265911   0.44833\n",
       "36_mon_return  0.974847  0.266844  0.069614  0.399938 -0.358785  0.447535"
      ]
     },
     "execution_count": 4,
     "metadata": {},
     "output_type": "execute_result"
    }
   ],
   "source": [
    "hist_stock_returns=hist_return([3,6,12,24,36])\n",
    "hist_stock_returns"
   ]
  },
  {
   "cell_type": "markdown",
   "metadata": {},
   "source": [
    "### 3:\n",
    "Xác định **Gene** : Một phần của tổng số vốn được giao cho một cổ phiếu. Gen là trọng số.\n",
    "\n",
    "    Gen có thể là một giá trị thập phân từ 0 đến 1."
   ]
  },
  {
   "cell_type": "code",
   "execution_count": 7,
   "metadata": {},
   "outputs": [
    {
     "data": {
      "text/plain": [
       "0.1872516161184712"
      ]
     },
     "execution_count": 7,
     "metadata": {},
     "output_type": "execute_result"
    }
   ],
   "source": [
    "gene = np.random.rand()\n",
    "gene"
   ]
  },
  {
   "cell_type": "markdown",
   "metadata": {},
   "source": [
    "### 4:\n",
    "Xác định **Nhiễm sắc thể** (mảng 1D): Tập hợp các gen, tức là các phần nhỏ của tổng số vốn được chỉ định cho mỗi cổ phiếu. Thiết lập bộ trọng số.\n",
    "\n",
    "Mảng 1d của nó là các giá trị phân số của tất cả các cổ phiếu sao cho tổng của mảng sẽ không lớn hơn 1.\n",
    "Vì chúng ta có 6 cổ phiếu công ty, chúng ta sẽ tạo ra 6 giá trị phân đoạn (gen) cấu thành 1 nhiễm sắc thể.\n",
    "    \n",
    "**Tại sao tổng phải bằng 1?** Vì đây là những phần nhỏ của tổng vốn, giả định tổng vốn là 1 đơn vị.\n",
    "    \n",
    "**Làm thế nào để đảm bảo tổng = 1?** Chỉ cần tạo 6 số ngẫu nhiên và sau đó tính một hằng số là 1 / [tổng các số ngẫu nhiên]. Cuối cùng nhân từng số ngẫu nhiên với hằng số đó. Tổng sẽ là 1."
   ]
  },
  {
   "cell_type": "code",
   "execution_count": 8,
   "metadata": {},
   "outputs": [],
   "source": [
    "def chromosome(n):\n",
    "    ''' Đầu vào: Số lượng cổ phiếu.\n",
    "        Đầu ra: Mảng số ngẫu nhiên'''\n",
    "    ch = np.random.rand(n)\n",
    "    return ch/sum(ch)"
   ]
  },
  {
   "cell_type": "code",
   "execution_count": 9,
   "metadata": {},
   "outputs": [
    {
     "name": "stdout",
     "output_type": "stream",
     "text": [
      "[0.25349726 0.15342483 0.12106357 0.14429618 0.22711076 0.10060739] 1.0\n"
     ]
    }
   ],
   "source": [
    "child=chromosome(6)\n",
    "print(child,sum(child))"
   ]
  },
  {
   "cell_type": "markdown",
   "metadata": {},
   "source": [
    "### 5:\n",
    "\n",
    "Khởi tạo **Quẩn thể ban đầu** (Mảng 2D): Một tập hợp các nhiễm sắc thể được tạo ngẫu nhiên"
   ]
  },
  {
   "cell_type": "code",
   "execution_count": 10,
   "metadata": {
    "scrolled": false
   },
   "outputs": [
    {
     "name": "stdout",
     "output_type": "stream",
     "text": [
      "(100, 6)\n",
      "[[4.01242279e-02 1.83504104e-01 1.14225756e-01 1.03878592e-01\n",
      "  3.71483396e-01 1.86783925e-01]\n",
      " [3.14517824e-01 2.96484539e-01 4.52816549e-02 5.54377200e-02\n",
      "  2.50429967e-01 3.78482948e-02]\n",
      " [1.15581918e-01 7.19754273e-02 1.54122675e-01 1.26616995e-01\n",
      "  1.44511197e-01 3.87191788e-01]\n",
      " [2.00127265e-01 2.05955832e-01 8.91204137e-02 1.99976870e-01\n",
      "  2.35765392e-01 6.90542265e-02]\n",
      " [2.04553768e-01 1.85346615e-01 1.81598677e-01 9.84650760e-02\n",
      "  1.82392866e-01 1.47642997e-01]\n",
      " [1.95822929e-01 2.06047430e-01 1.79044181e-02 3.52389428e-01\n",
      "  1.99036398e-01 2.87993977e-02]\n",
      " [7.10666771e-02 1.79373475e-01 1.05688226e-01 1.63190878e-01\n",
      "  2.66747097e-01 2.13933648e-01]\n",
      " [2.32944308e-01 1.88969386e-01 1.19455711e-01 1.74691938e-01\n",
      "  1.65231293e-01 1.18707364e-01]\n",
      " [2.53359110e-01 1.79979370e-01 5.35730268e-02 1.58186465e-01\n",
      "  1.41178680e-01 2.13723348e-01]\n",
      " [7.40067398e-02 2.87970714e-02 1.12966097e-01 4.66094383e-02\n",
      "  3.51298313e-01 3.86322340e-01]\n",
      " [9.83791281e-02 6.85756529e-02 2.06727390e-01 2.19363742e-01\n",
      "  1.71664664e-01 2.35289423e-01]\n",
      " [1.55948773e-01 8.52118138e-03 2.07097796e-01 2.73273498e-01\n",
      "  6.17229965e-02 2.93435756e-01]\n",
      " [2.86714264e-01 1.08158370e-01 2.03941412e-01 8.15404980e-02\n",
      "  1.60151606e-01 1.59493850e-01]\n",
      " [3.85559780e-02 1.37248785e-01 2.21233276e-01 2.76316065e-01\n",
      "  2.42885532e-01 8.37603646e-02]\n",
      " [2.40671391e-01 6.94368150e-03 2.65860200e-02 1.43762952e-01\n",
      "  3.59835232e-01 2.22200724e-01]\n",
      " [2.45943553e-02 2.71916563e-02 2.98110440e-01 3.64866544e-01\n",
      "  1.30081968e-01 1.55155036e-01]\n",
      " [2.29614131e-01 2.87162783e-01 2.60598013e-01 7.49501319e-02\n",
      "  9.33192953e-02 5.43556458e-02]\n",
      " [1.85299648e-01 1.32130972e-01 2.69545143e-01 1.63073737e-01\n",
      "  2.16534649e-01 3.34158500e-02]\n",
      " [1.96488078e-01 3.97508454e-02 1.99364583e-01 9.57767940e-02\n",
      "  2.59750471e-01 2.08869228e-01]\n",
      " [2.99006977e-01 9.07885634e-02 1.86226486e-01 1.79125250e-01\n",
      "  1.50374848e-01 9.44778759e-02]\n",
      " [3.58170713e-01 5.26436056e-02 1.48878666e-01 2.38397135e-01\n",
      "  1.82918868e-01 1.89910133e-02]\n",
      " [5.52283060e-02 2.45823349e-01 2.39926971e-01 1.94366586e-01\n",
      "  2.04966854e-01 5.96879341e-02]\n",
      " [8.78385321e-02 8.14298220e-02 2.03635866e-01 3.11577874e-01\n",
      "  2.91528575e-01 2.39893312e-02]\n",
      " [3.34884522e-01 1.34962073e-01 2.13806610e-01 5.92849344e-02\n",
      "  2.07962750e-01 4.90991107e-02]\n",
      " [3.00208991e-01 3.17529207e-01 6.85738679e-02 2.32803648e-01\n",
      "  3.24203567e-02 4.84639300e-02]\n",
      " [3.75118542e-01 5.55555154e-02 6.29521155e-02 9.78431862e-02\n",
      "  4.04875509e-02 3.68043090e-01]\n",
      " [2.36638396e-02 2.35291236e-01 3.88551432e-01 6.58334912e-02\n",
      "  2.68558449e-01 1.81015516e-02]\n",
      " [3.26112212e-01 2.21162558e-01 3.43820842e-02 7.40931987e-02\n",
      "  1.52518212e-01 1.91731735e-01]\n",
      " [1.26125093e-01 1.15536844e-01 2.51346994e-01 2.22036870e-01\n",
      "  1.16393084e-01 1.68561115e-01]\n",
      " [1.74090249e-01 8.85963370e-02 2.38168478e-01 2.57442649e-01\n",
      "  8.46779844e-02 1.57024302e-01]\n",
      " [1.56399196e-01 1.59224606e-01 1.79374260e-01 1.75740874e-01\n",
      "  1.93359885e-01 1.35901180e-01]\n",
      " [1.06617734e-01 1.36081478e-01 2.29500337e-01 1.27117731e-01\n",
      "  1.57687806e-01 2.42994913e-01]\n",
      " [1.97573601e-01 4.35597192e-02 3.10772197e-01 2.12977578e-01\n",
      "  8.49948655e-04 2.34266956e-01]\n",
      " [4.07362915e-02 2.28312635e-01 2.36811511e-01 2.76928476e-01\n",
      "  8.42045800e-02 1.33006507e-01]\n",
      " [2.00734025e-01 1.65102498e-01 1.75538369e-01 6.65909966e-02\n",
      "  2.23069858e-01 1.68964253e-01]\n",
      " [2.08385195e-01 1.94775880e-01 1.00585423e-01 2.15420977e-02\n",
      "  1.61994684e-01 3.12716720e-01]\n",
      " [1.30625490e-01 1.47160892e-01 4.45015598e-01 1.51253642e-02\n",
      "  2.29332809e-01 3.27398459e-02]\n",
      " [1.49997753e-01 1.53976501e-01 1.51576074e-01 2.42202980e-01\n",
      "  2.79738695e-01 2.25079966e-02]\n",
      " [8.93754246e-02 4.18163358e-02 2.49672761e-01 3.07182067e-01\n",
      "  1.12994958e-01 1.98958454e-01]\n",
      " [1.92072734e-01 2.19714197e-01 1.23706063e-02 2.55327980e-01\n",
      "  2.88514516e-01 3.19999666e-02]\n",
      " [3.51595089e-02 3.03165158e-01 1.76179864e-01 2.26041528e-01\n",
      "  5.17655651e-02 2.07688376e-01]\n",
      " [6.18081062e-02 1.43574249e-01 6.98253699e-02 2.77316349e-01\n",
      "  1.06695850e-01 3.40780075e-01]\n",
      " [9.62177344e-02 1.97896678e-01 1.55451580e-01 1.32881607e-01\n",
      "  1.93231143e-01 2.24321258e-01]\n",
      " [1.91459504e-01 5.74480458e-02 8.86325399e-02 3.93784544e-01\n",
      "  2.44685475e-01 2.39898913e-02]\n",
      " [2.95992236e-01 8.87767528e-02 2.74088915e-02 3.12102445e-01\n",
      "  9.63714679e-02 1.79348207e-01]\n",
      " [2.09166359e-01 5.75612404e-02 2.81877311e-01 1.71787531e-01\n",
      "  6.45386125e-02 2.15068947e-01]\n",
      " [3.08724848e-01 8.76591787e-02 1.44935087e-01 1.81932786e-01\n",
      "  1.75299205e-02 2.59218180e-01]\n",
      " [1.38582496e-01 7.73179071e-02 2.44290895e-01 2.61200075e-01\n",
      "  2.07823188e-01 7.07854396e-02]\n",
      " [1.88534087e-01 1.35013080e-01 2.02341198e-01 1.44021027e-01\n",
      "  2.53366407e-01 7.67242008e-02]\n",
      " [1.02658263e-01 1.74821632e-01 1.72741751e-01 1.14640573e-01\n",
      "  2.44601170e-01 1.90536611e-01]\n",
      " [1.71301409e-02 8.87607639e-02 3.52618547e-02 5.38662279e-01\n",
      "  5.36617065e-02 2.66523255e-01]\n",
      " [1.29562395e-01 5.99530466e-02 7.88016280e-02 2.23651926e-01\n",
      "  2.67069248e-01 2.40961757e-01]\n",
      " [2.51859406e-01 1.60793263e-01 1.73676267e-01 1.92177587e-01\n",
      "  2.08018638e-01 1.34748385e-02]\n",
      " [2.16301448e-01 2.40381538e-01 1.65160872e-01 1.21133907e-01\n",
      "  1.58376162e-01 9.86460738e-02]\n",
      " [3.40317885e-01 1.48292620e-01 8.01819500e-03 1.97066432e-01\n",
      "  6.70841553e-02 2.39220713e-01]\n",
      " [1.14065762e-01 1.60774718e-01 1.30497542e-01 3.21604326e-01\n",
      "  1.34597628e-01 1.38460023e-01]\n",
      " [3.01653092e-01 1.92170048e-01 2.86639148e-01 1.24564966e-01\n",
      "  4.22632190e-02 5.27095277e-02]\n",
      " [2.80418016e-01 7.55513683e-02 2.06226036e-01 1.71353129e-04\n",
      "  2.43784863e-02 4.13254740e-01]\n",
      " [2.88808303e-02 1.43550986e-01 2.03970292e-01 1.93768873e-01\n",
      "  1.50127808e-01 2.79701211e-01]\n",
      " [3.28347240e-01 1.48715733e-01 8.21515170e-02 2.22060854e-01\n",
      "  5.11633704e-02 1.67561287e-01]\n",
      " [9.88080712e-02 4.15196407e-01 5.44407199e-02 9.24039452e-02\n",
      "  3.65061365e-02 3.02644720e-01]\n",
      " [1.52210168e-01 2.43202737e-02 4.74012300e-02 1.68402211e-01\n",
      "  2.06557651e-01 4.01108466e-01]\n",
      " [2.61862209e-01 2.55611429e-01 2.22077236e-03 1.46245281e-01\n",
      "  2.02427673e-01 1.31632635e-01]\n",
      " [2.48500427e-02 6.60635362e-02 1.33742553e-01 1.82944500e-01\n",
      "  1.83175641e-01 4.09223728e-01]\n",
      " [2.06696121e-01 9.33141591e-02 1.46548690e-01 3.93291247e-03\n",
      "  2.30061411e-01 3.19446706e-01]\n",
      " [2.57477896e-01 1.70159780e-01 1.69376245e-01 9.95916802e-02\n",
      "  2.21796416e-01 8.15979828e-02]\n",
      " [1.66483996e-01 2.79900001e-02 2.54250192e-01 7.77493421e-02\n",
      "  2.31487275e-01 2.42039194e-01]\n",
      " [2.53275952e-01 1.84849085e-01 6.77340130e-02 4.33232519e-02\n",
      "  2.27470071e-01 2.23347628e-01]\n",
      " [2.97674924e-02 2.44637813e-01 2.45259327e-01 2.63171855e-01\n",
      "  1.51488881e-02 2.02014625e-01]\n",
      " [1.91464840e-02 2.58351864e-01 2.33171661e-01 2.97234137e-01\n",
      "  9.16825102e-02 1.00413345e-01]\n",
      " [3.65819467e-02 1.09292675e-03 3.52608527e-01 3.72484510e-01\n",
      "  2.13596778e-01 2.36353119e-02]\n",
      " [3.07173508e-01 4.50373725e-02 1.47740060e-01 1.35394776e-01\n",
      "  9.51534461e-02 2.69500837e-01]\n",
      " [1.00757401e-01 7.04868230e-02 7.37642955e-02 2.41114335e-01\n",
      "  2.67241748e-01 2.46635398e-01]\n",
      " [6.34243359e-02 2.85884295e-01 2.97204438e-02 2.51579946e-02\n",
      "  2.76188005e-01 3.19624925e-01]\n",
      " [1.68970190e-01 1.95125426e-01 2.33672278e-01 1.10686842e-01\n",
      "  2.80675214e-01 1.08700501e-02]\n",
      " [1.78732485e-01 3.13568598e-03 1.17780308e-01 9.85844409e-02\n",
      "  3.67109683e-01 2.34657397e-01]\n",
      " [6.60771340e-02 1.79535859e-02 2.96546531e-01 1.33368270e-01\n",
      "  1.49114558e-01 3.36939921e-01]\n",
      " [3.26038492e-02 2.45557267e-01 7.40345642e-02 5.18606349e-02\n",
      "  3.70963808e-01 2.24979877e-01]\n",
      " [2.06904125e-01 2.50320881e-01 1.93006101e-01 7.07305977e-02\n",
      "  9.95244986e-02 1.79513795e-01]\n",
      " [9.63264656e-02 2.33750223e-01 2.31357609e-02 2.45275040e-01\n",
      "  1.68204772e-01 2.33307738e-01]\n",
      " [1.71908198e-01 2.36710052e-01 1.89357214e-01 3.31855380e-02\n",
      "  1.40187943e-01 2.28651056e-01]\n",
      " [2.15586587e-01 2.01695937e-01 2.04067180e-01 1.59980427e-01\n",
      "  8.98474846e-02 1.28822385e-01]\n",
      " [1.85095809e-01 1.80378732e-01 8.21643475e-02 1.95732008e-01\n",
      "  1.91637519e-01 1.64991584e-01]\n",
      " [2.63390179e-01 1.27056301e-01 9.73760732e-02 1.70587637e-01\n",
      "  7.69420851e-02 2.64647724e-01]\n",
      " [3.51201318e-02 1.93174569e-01 1.77658857e-01 2.95562190e-01\n",
      "  2.08784216e-01 8.97000354e-02]\n",
      " [1.91605219e-01 2.34717853e-01 1.31231510e-01 1.96983810e-01\n",
      "  1.76345661e-01 6.91159479e-02]\n",
      " [8.18435537e-02 2.94263244e-01 4.27064276e-01 7.49478956e-02\n",
      "  2.95961595e-02 9.22848708e-02]\n",
      " [1.06933316e-01 1.74594790e-01 1.72294566e-01 1.69422713e-01\n",
      "  5.25588719e-02 3.24195744e-01]\n",
      " [2.34821223e-01 4.70239366e-02 1.30741795e-01 1.47079528e-01\n",
      "  1.63399661e-01 2.76933857e-01]\n",
      " [2.03828215e-01 1.12246615e-02 3.24565892e-01 1.00363914e-01\n",
      "  2.84017944e-01 7.59993739e-02]\n",
      " [5.59496312e-02 1.25504544e-01 1.65971501e-01 2.92349191e-01\n",
      "  2.65622608e-01 9.46025250e-02]\n",
      " [1.73168929e-01 1.03370488e-01 1.07985553e-01 1.75867557e-01\n",
      "  2.98203884e-01 1.41403588e-01]\n",
      " [2.43881976e-01 6.47945131e-02 1.93273336e-01 2.28326732e-01\n",
      "  3.48323350e-02 2.34891108e-01]\n",
      " [1.67558200e-01 1.61587884e-01 1.98986588e-01 1.38060832e-01\n",
      "  1.66738114e-01 1.67068382e-01]\n",
      " [1.04236156e-01 1.04236876e-01 2.72552430e-01 2.95774901e-01\n",
      "  1.63926267e-01 5.92733707e-02]\n",
      " [2.15219796e-01 5.37904955e-02 1.87323535e-01 3.69440214e-01\n",
      "  1.00545679e-01 7.36802804e-02]\n",
      " [3.19886416e-02 3.43402345e-02 4.10393851e-01 1.35919464e-01\n",
      "  3.07118654e-01 8.02391553e-02]\n",
      " [2.56938469e-02 2.31864083e-01 3.80832905e-01 5.88515777e-03\n",
      "  2.49648448e-01 1.06075558e-01]\n",
      " [2.48916254e-01 9.65565825e-02 2.53108573e-01 1.85573988e-01\n",
      "  1.99196540e-01 1.66480631e-02]\n",
      " [2.35895082e-01 1.11859171e-02 1.86342389e-01 1.29157693e-01\n",
      "  9.80400220e-02 3.39378897e-01]]\n"
     ]
    }
   ],
   "source": [
    "n=6 # Số lượng mã cổ phiếu\n",
    "pop_size=100 # Dân số ban đầu\n",
    "\n",
    "population = np.array([chromosome(n) for _ in range(pop_size)])\n",
    "print(population.shape)\n",
    "print(population)"
   ]
  },
  {
   "cell_type": "markdown",
   "metadata": {},
   "source": [
    "### 6:\n",
    "\n",
    "**Fitness function** : \n",
    "Tỷ lệ Sharpe, S, là một thước đo để định lượng hiệu suất (Thể lực) của danh mục đầu tư và được tính như sau:\n",
    "                \n",
    "                S = (µ − r)/σ\n",
    "    \n",
    "    Ở đây µ là lợi nhuận của danh mục đầu tư trong một khoảng thời gian cụ thể hoặc lợi tức trung bình của danh mục đầu tư, \n",
    "          r là lãi suất phi rủi ro so với cùng kỳ và \n",
    "          σ là độ lệch chuẩn của lợi tức trong một khoảng thời gian nhất định hoặc Độ lệch chuẩn của lợi tức danh mục đầu tư.\n",
    "\n",
    "      \n",
    "Lợi tức danh mục đầu tư trung bình = Lợi tức trung bình * Phần nhỏ của Tổng vốn (Nhiễm sắc thể).\n",
    "\n",
    "Tỷ lệ phi rủi ro = 0,0697 (theo google)\n",
    "\n",
    "Phương sai của lợi tức danh mục đầu tư = (nhiễm sắc thể * Độ lệch chuẩn)**2 + Hiệp phương sai * Trọng lượng tương ứng trong nhiễm sắc thể."
   ]
  },
  {
   "cell_type": "markdown",
   "metadata": {},
   "source": [
    " #### 6.1 \n",
    " Tính giá trị trung bình, độ lệch chuẩn và hiệp phương sai của lợi tức cổ phiếu trong quá khứ."
   ]
  },
  {
   "cell_type": "code",
   "execution_count": 11,
   "metadata": {},
   "outputs": [
    {
     "name": "stdout",
     "output_type": "stream",
     "text": [
      "<class 'pandas.core.frame.DataFrame'>\n",
      "Index: 5 entries, 3_mon_return to 36_mon_return\n",
      "Data columns (total 6 columns):\n",
      " #   Column  Non-Null Count  Dtype \n",
      "---  ------  --------------  ----- \n",
      " 0   hdfc    5 non-null      object\n",
      " 1   itc     5 non-null      object\n",
      " 2   l&t     5 non-null      object\n",
      " 3   m&m     5 non-null      object\n",
      " 4   sunpha  5 non-null      object\n",
      " 5   tcs     5 non-null      object\n",
      "dtypes: object(6)\n",
      "memory usage: 140.0+ bytes\n",
      "None\n",
      "<class 'pandas.core.frame.DataFrame'>\n",
      "Index: 5 entries, 3_mon_return to 36_mon_return\n",
      "Data columns (total 6 columns):\n",
      " #   Column  Non-Null Count  Dtype  \n",
      "---  ------  --------------  -----  \n",
      " 0   hdfc    5 non-null      float64\n",
      " 1   itc     5 non-null      float64\n",
      " 2   l&t     5 non-null      float64\n",
      " 3   m&m     5 non-null      float64\n",
      " 4   sunpha  5 non-null      float64\n",
      " 5   tcs     5 non-null      float64\n",
      "dtypes: float64(6)\n",
      "memory usage: 260.0+ bytes\n",
      "None\n"
     ]
    }
   ],
   "source": [
    "# Chuyển dữ liệu từ kiểu đối tượng sang kiểu số.\n",
    "print(hist_stock_returns.info())\n",
    "cols=hist_stock_returns.columns\n",
    "hist_stock_returns[cols] = hist_stock_returns[cols].apply(pd.to_numeric, errors='coerce')\n",
    "print(hist_stock_returns.info())"
   ]
  },
  {
   "cell_type": "markdown",
   "metadata": {},
   "source": [
    "#### Tính hiệp phương sai của lịch sử lợi nhuận "
   ]
  },
  {
   "cell_type": "code",
   "execution_count": 12,
   "metadata": {},
   "outputs": [
    {
     "name": "stdout",
     "output_type": "stream",
     "text": [
      "            hdfc       itc       l&t       m&m    sunpha       tcs\n",
      "hdfc    0.160272  0.045393  0.027916  0.024127 -0.079078  0.014362\n",
      "itc     0.045393  0.025467 -0.000718  0.004381 -0.023178 -0.005554\n",
      "l&t     0.027916 -0.000718  0.014206  0.002510 -0.013841  0.007330\n",
      "m&m     0.024127  0.004381  0.002510  0.007412 -0.011042  0.005700\n",
      "sunpha -0.079078 -0.023178 -0.013841 -0.011042  0.041781 -0.007211\n",
      "tcs     0.014362 -0.005554  0.007330  0.005700 -0.007211  0.009923\n"
     ]
    },
    {
     "data": {
      "text/html": [
       "<div>\n",
       "<style scoped>\n",
       "    .dataframe tbody tr th:only-of-type {\n",
       "        vertical-align: middle;\n",
       "    }\n",
       "\n",
       "    .dataframe tbody tr th {\n",
       "        vertical-align: top;\n",
       "    }\n",
       "\n",
       "    .dataframe thead th {\n",
       "        text-align: right;\n",
       "    }\n",
       "</style>\n",
       "<table border=\"1\" class=\"dataframe\">\n",
       "  <thead>\n",
       "    <tr style=\"text-align: right;\">\n",
       "      <th></th>\n",
       "      <th>hdfc</th>\n",
       "      <th>itc</th>\n",
       "      <th>l&amp;t</th>\n",
       "      <th>m&amp;m</th>\n",
       "      <th>sunpha</th>\n",
       "      <th>tcs</th>\n",
       "    </tr>\n",
       "  </thead>\n",
       "  <tbody>\n",
       "    <tr>\n",
       "      <th>hdfc</th>\n",
       "      <td>0.000000</td>\n",
       "      <td>0.045393</td>\n",
       "      <td>0.027916</td>\n",
       "      <td>0.024127</td>\n",
       "      <td>-0.079078</td>\n",
       "      <td>0.014362</td>\n",
       "    </tr>\n",
       "    <tr>\n",
       "      <th>itc</th>\n",
       "      <td>0.045393</td>\n",
       "      <td>0.000000</td>\n",
       "      <td>-0.000718</td>\n",
       "      <td>0.004381</td>\n",
       "      <td>-0.023178</td>\n",
       "      <td>-0.005554</td>\n",
       "    </tr>\n",
       "    <tr>\n",
       "      <th>l&amp;t</th>\n",
       "      <td>0.027916</td>\n",
       "      <td>-0.000718</td>\n",
       "      <td>0.000000</td>\n",
       "      <td>0.002510</td>\n",
       "      <td>-0.013841</td>\n",
       "      <td>0.007330</td>\n",
       "    </tr>\n",
       "    <tr>\n",
       "      <th>m&amp;m</th>\n",
       "      <td>0.024127</td>\n",
       "      <td>0.004381</td>\n",
       "      <td>0.002510</td>\n",
       "      <td>0.000000</td>\n",
       "      <td>-0.011042</td>\n",
       "      <td>0.005700</td>\n",
       "    </tr>\n",
       "    <tr>\n",
       "      <th>sunpha</th>\n",
       "      <td>-0.079078</td>\n",
       "      <td>-0.023178</td>\n",
       "      <td>-0.013841</td>\n",
       "      <td>-0.011042</td>\n",
       "      <td>0.000000</td>\n",
       "      <td>-0.007211</td>\n",
       "    </tr>\n",
       "    <tr>\n",
       "      <th>tcs</th>\n",
       "      <td>0.014362</td>\n",
       "      <td>-0.005554</td>\n",
       "      <td>0.007330</td>\n",
       "      <td>0.005700</td>\n",
       "      <td>-0.007211</td>\n",
       "      <td>0.000000</td>\n",
       "    </tr>\n",
       "  </tbody>\n",
       "</table>\n",
       "</div>"
      ],
      "text/plain": [
       "            hdfc       itc       l&t       m&m    sunpha       tcs\n",
       "hdfc    0.000000  0.045393  0.027916  0.024127 -0.079078  0.014362\n",
       "itc     0.045393  0.000000 -0.000718  0.004381 -0.023178 -0.005554\n",
       "l&t     0.027916 -0.000718  0.000000  0.002510 -0.013841  0.007330\n",
       "m&m     0.024127  0.004381  0.002510  0.000000 -0.011042  0.005700\n",
       "sunpha -0.079078 -0.023178 -0.013841 -0.011042  0.000000 -0.007211\n",
       "tcs     0.014362 -0.005554  0.007330  0.005700 -0.007211  0.000000"
      ]
     },
     "execution_count": 12,
     "metadata": {},
     "output_type": "execute_result"
    }
   ],
   "source": [
    "cov_hist_return=hist_stock_returns.cov()\n",
    "\n",
    "print(cov_hist_return)\n",
    "\n",
    "# Để dễ tính toán, coi hiệp phương sai của cùng một biến bằng không.\n",
    "for i in range(6):\n",
    "    cov_hist_return.iloc[i][i]=0\n",
    "    \n",
    "cov_hist_return"
   ]
  },
  {
   "cell_type": "markdown",
   "metadata": {},
   "source": [
    "#### Tính giá trị trung bình của lợi nhuận lịch sử"
   ]
  },
  {
   "cell_type": "code",
   "execution_count": 13,
   "metadata": {},
   "outputs": [
    {
     "data": {
      "text/plain": [
       "hdfc      0.456621\n",
       "itc       0.044696\n",
       "l&t       0.090865\n",
       "m&m       0.278328\n",
       "sunpha   -0.100047\n",
       "tcs       0.424619\n",
       "dtype: float64"
      ]
     },
     "execution_count": 13,
     "metadata": {},
     "output_type": "execute_result"
    }
   ],
   "source": [
    "mean_hist_return=hist_stock_returns.mean()\n",
    "mean_hist_return"
   ]
  },
  {
   "cell_type": "markdown",
   "metadata": {},
   "source": [
    "#### Tính toán độ lệch chuẩn của lợi nhuận lịch sử"
   ]
  },
  {
   "cell_type": "code",
   "execution_count": 14,
   "metadata": {},
   "outputs": [
    {
     "data": {
      "text/plain": [
       "hdfc      0.400340\n",
       "itc       0.159583\n",
       "l&t       0.119189\n",
       "m&m       0.086091\n",
       "sunpha    0.204405\n",
       "tcs       0.099615\n",
       "dtype: float64"
      ]
     },
     "execution_count": 14,
     "metadata": {},
     "output_type": "execute_result"
    }
   ],
   "source": [
    "sd_hist_return=hist_stock_returns.std()\n",
    "sd_hist_return"
   ]
  },
  {
   "cell_type": "markdown",
   "metadata": {},
   "source": [
    "#### 6.2:\n",
    " Tính toán lợi nhuận danh mục đầu tư kỳ vọng và phương sai danh mục đầu tư."
   ]
  },
  {
   "cell_type": "markdown",
   "metadata": {},
   "source": [
    "#### Tính toán lợi nhuận kỳ vọng của danh mục đầu tư"
   ]
  },
  {
   "cell_type": "code",
   "execution_count": 15,
   "metadata": {},
   "outputs": [],
   "source": [
    "def mean_portfolio_return(child):\n",
    "    return np.sum(np.multiply(child,mean_hist_return))"
   ]
  },
  {
   "cell_type": "code",
   "execution_count": 16,
   "metadata": {},
   "outputs": [
    {
     "data": {
      "text/plain": [
       "0.10796130435880255"
      ]
     },
     "execution_count": 16,
     "metadata": {},
     "output_type": "execute_result"
    }
   ],
   "source": [
    "mean_portfolio_return(population[0])"
   ]
  },
  {
   "cell_type": "markdown",
   "metadata": {},
   "source": [
    "#### Tính toán phương sai danh mục đầu tư"
   ]
  },
  {
   "cell_type": "code",
   "execution_count": 17,
   "metadata": {},
   "outputs": [],
   "source": [
    "def var_portfolio_return(child):\n",
    "    part_1 = np.sum(np.multiply(child,sd_hist_return)**2)\n",
    "    temp_lst=[]\n",
    "    for i in range(6):\n",
    "        for j in range(6):\n",
    "            temp=cov_hist_return.iloc[i][j] * child[i] * child[j]\n",
    "            temp_lst.append(temp)\n",
    "    part_2=np.sum(temp_lst)\n",
    "    return part_1+part_2"
   ]
  },
  {
   "cell_type": "code",
   "execution_count": 18,
   "metadata": {},
   "outputs": [
    {
     "data": {
      "text/plain": [
       "0.0006384118012693982"
      ]
     },
     "execution_count": 18,
     "metadata": {},
     "output_type": "execute_result"
    }
   ],
   "source": [
    "var_portfolio_return(population[0])"
   ]
  },
  {
   "cell_type": "markdown",
   "metadata": {},
   "source": [
    "#### Yếu tố phi rủi ro"
   ]
  },
  {
   "cell_type": "code",
   "execution_count": 19,
   "metadata": {},
   "outputs": [],
   "source": [
    "rf= 0.0697"
   ]
  },
  {
   "cell_type": "markdown",
   "metadata": {},
   "source": [
    "#### Hàm thể lực của một danh mục đầu tư"
   ]
  },
  {
   "cell_type": "code",
   "execution_count": 20,
   "metadata": {},
   "outputs": [],
   "source": [
    "def fitness_fuction(child):\n",
    "    ''' Hàm trả về tỷ lệ Sharpe cho một danh mục đầu tư cụ thể.\n",
    "         Đầu vào: Một nhiễm sắc thể (Mảng 1D)\n",
    "         Đầu ra: Giá trị Sharpe Ratio (Vô hướng) '''\n",
    "    return (mean_portfolio_return(child)-rf)/np.sqrt(var_portfolio_return(child))"
   ]
  },
  {
   "cell_type": "code",
   "execution_count": 21,
   "metadata": {},
   "outputs": [
    {
     "data": {
      "text/plain": [
       "1.3096085059228544"
      ]
     },
     "execution_count": 21,
     "metadata": {},
     "output_type": "execute_result"
    }
   ],
   "source": [
    "fitness_fuction(population[7])"
   ]
  },
  {
   "cell_type": "markdown",
   "metadata": {},
   "source": [
    "### 7:\n",
    "Chọn **Dân số ưu tú**: Lọc các nhiễm sắc thể ưu tú có lợi nhuận cao nhất, được tính trong chức năng thể dục."
   ]
  },
  {
   "cell_type": "code",
   "execution_count": 23,
   "metadata": {},
   "outputs": [],
   "source": [
    "def Select_elite_population(population, frac=0.3):\n",
    "    ''' Chọn dân số ưu tú từ tổng dân số dựa trên các giá trị thể lực.\n",
    "         Đầu vào: Toàn bộ dân số.\n",
    "         Đầu ra: Quần thể ưu tú.'''\n",
    "    population = sorted(population,key = lambda x: fitness_fuction(x),reverse=True)\n",
    "    percentage_elite_idx = int(np.floor(len(population)* frac))\n",
    "    return population[:percentage_elite_idx]"
   ]
  },
  {
   "cell_type": "code",
   "execution_count": 24,
   "metadata": {},
   "outputs": [
    {
     "name": "stdout",
     "output_type": "stream",
     "text": [
      "30\n"
     ]
    },
    {
     "data": {
      "text/plain": [
       "[array([0.06342434, 0.2858843 , 0.02972044, 0.02515799, 0.27618801,\n",
       "        0.31962492]),\n",
       " array([0.02485004, 0.06606354, 0.13374255, 0.1829445 , 0.18317564,\n",
       "        0.40922373]),\n",
       " array([0.1007574 , 0.07048682, 0.0737643 , 0.24111433, 0.26724175,\n",
       "        0.2466354 ]),\n",
       " array([0.07106668, 0.17937347, 0.10568823, 0.16319088, 0.2667471 ,\n",
       "        0.21393365]),\n",
       " array([0.15221017, 0.02432027, 0.04740123, 0.16840221, 0.20655765,\n",
       "        0.40110847]),\n",
       " array([0.01713014, 0.08876076, 0.03526185, 0.53866228, 0.05366171,\n",
       "        0.26652325]),\n",
       " array([0.1295624 , 0.05995305, 0.07880163, 0.22365193, 0.26706925,\n",
       "        0.24096176]),\n",
       " array([0.06180811, 0.14357425, 0.06982537, 0.27731635, 0.10669585,\n",
       "        0.34078008]),\n",
       " array([0.02888083, 0.14355099, 0.20397029, 0.19376887, 0.15012781,\n",
       "        0.27970121]),\n",
       " array([0.17873249, 0.00313569, 0.11778031, 0.09858444, 0.36710968,\n",
       "        0.2346574 ]),\n",
       " array([0.11558192, 0.07197543, 0.15412268, 0.12661699, 0.1445112 ,\n",
       "        0.38719179]),\n",
       " array([0.07400674, 0.02879707, 0.1129661 , 0.04660944, 0.35129831,\n",
       "        0.38632234]),\n",
       " array([0.24067139, 0.00694368, 0.02658602, 0.14376295, 0.35983523,\n",
       "        0.22220072]),\n",
       " array([0.05594963, 0.12550454, 0.1659715 , 0.29234919, 0.26562261,\n",
       "        0.09460253]),\n",
       " array([0.09837913, 0.06857565, 0.20672739, 0.21936374, 0.17166466,\n",
       "        0.23528942]),\n",
       " array([0.06607713, 0.01795359, 0.29654653, 0.13336827, 0.14911456,\n",
       "        0.33693992]),\n",
       " array([0.09632647, 0.23375022, 0.02313576, 0.24527504, 0.16820477,\n",
       "        0.23330774]),\n",
       " array([0.02459436, 0.02719166, 0.29811044, 0.36486654, 0.13008197,\n",
       "        0.15515504]),\n",
       " array([0.03855598, 0.13724878, 0.22123328, 0.27631606, 0.24288553,\n",
       "        0.08376036]),\n",
       " array([0.03512013, 0.19317457, 0.17765886, 0.29556219, 0.20878422,\n",
       "        0.08970004]),\n",
       " array([0.10265826, 0.17482163, 0.17274175, 0.11464057, 0.24460117,\n",
       "        0.19053661]),\n",
       " array([0.09621773, 0.19789668, 0.15545158, 0.13288161, 0.19323114,\n",
       "        0.22432126]),\n",
       " array([0.08937542, 0.04181634, 0.24967276, 0.30718207, 0.11299496,\n",
       "        0.19895845]),\n",
       " array([0.15594877, 0.00852118, 0.2070978 , 0.2732735 , 0.061723  ,\n",
       "        0.29343576]),\n",
       " array([0.20669612, 0.09331416, 0.14654869, 0.00393291, 0.23006141,\n",
       "        0.31944671]),\n",
       " array([0.17316893, 0.10337049, 0.10798555, 0.17586756, 0.29820388,\n",
       "        0.14140359]),\n",
       " array([0.10693332, 0.17459479, 0.17229457, 0.16942271, 0.05255887,\n",
       "        0.32419574]),\n",
       " array([0.10661773, 0.13608148, 0.22950034, 0.12711773, 0.15768781,\n",
       "        0.24299491]),\n",
       " array([0.166484  , 0.02799   , 0.25425019, 0.07774934, 0.23148728,\n",
       "        0.24203919]),\n",
       " array([0.23482122, 0.04702394, 0.13074179, 0.14707953, 0.16339966,\n",
       "        0.27693386])]"
      ]
     },
     "execution_count": 24,
     "metadata": {},
     "output_type": "execute_result"
    }
   ],
   "source": [
    "print(len(Select_elite_population(population, frac=0.3)))\n",
    "Select_elite_population(population, frac=0.3)"
   ]
  },
  {
   "cell_type": "code",
   "execution_count": 25,
   "metadata": {},
   "outputs": [
    {
     "data": {
      "text/plain": [
       "[1.5142909196637127, 0.8079979297203713, 2.580852216433207]"
      ]
     },
     "execution_count": 25,
     "metadata": {},
     "output_type": "execute_result"
    }
   ],
   "source": [
    "[fitness_fuction(x) for x in population][:3]"
   ]
